000000000139 30
000000000285 30
000000000632 30
000000000724 30
000000000776 30
000000000785 30
000000000802 30
000000000872 30
000000000885 30
000000001000 30
000000001268 30
000000001296 30
000000001353 30
000000001425 30
000000001490 30
000000001503 30
000000001532 30
000000001584 30
000000001675 30
000000001761 30
000000001818 30
000000001993 30
000000002006 30
000000002149 30
000000002153 30
000000002157 30
000000002261 30
000000002299 30
000000002431 30
000000002473 30
000000002532 30
000000002587 30
000000002592 30
000000002685 30
000000002923 30
000000003156 30
000000003255 30
000000003501 30
000000003553 30
000000003661 30
000000003845 30
000000003934 30
000000004134 30
000000004395 30
000000004495 30
000000004765 30
000000004795 30
000000005001 30
000000005037 30
000000005060 30
000000005193 30
000000005477 30
000000005503 30
000000005529 30
000000005586 30
000000005600 30
000000005992 30
000000006012 30
000000006040 30
000000006213 30
000000006460 30
000000006471 30
000000006614 30
000000006723 30
000000006763 30
000000006771 30
000000006818 30
000000006894 30
000000006954 30
000000007088 30
000000007108 30
000000007278 30
000000007281 30
000000007386 30
000000007511 30
000000007574 30
000000007784 30
000000007795 30
000000007816 30
000000007818 30
000000007888 30
000000007977 30
000000007991 30
000000008021 30
000000008211 30
000000008277 30
000000008532 30
000000008629 30
000000008690 30
000000008762 30
000000008844 30
000000008899 30
000000009378 30
000000009400 30
000000009448 30
000000009483 30
000000009590 30
000000009769 30
000000009772 30
000000009891 30
000000009914 30
000000010092 30
000000010363 30
000000010583 30
000000010707 30
000000010764 30
000000010977 30
000000010995 30
000000011051 30
000000011122 30
000000011149 30
000000011197 30
000000011511 30
000000011615 30
000000011699 30
000000011760 30
000000011813 30
000000012062 30
000000012120 30
000000012280 30
000000012576 30
000000012639 30
000000012667 30
000000012670 30
000000012748 30
000000013004 30
000000013177 30
000000013201 30
000000013291 30
000000013348 30
000000013546 30
000000013597 30
000000013659 30
000000013729 30
000000013774 30
000000013923 30
000000014007 30
000000014038 30
000000014226 30
000000014380 30
000000014439 30
000000014473 30
000000014831 30
000000014888 30
000000015079 30
000000015254 30
000000015272 30
000000015278 30
000000015335 30
000000015338 30
